0.000  -0.036
0.400  -0.020
0.800  -0.020
1.200  0.045
1.600  -0.020
2.000  0.005
2.400  0.029
2.800  -0.020
3.200  0.029
3.600  0.013
4.000  0.045
4.400  -0.003
4.800  -0.012
5.200  -0.012
5.600  -0.020
6.000  -0.003
6.400  0.029
6.800  -0.003
7.200  0.013
7.600  -0.012
8.000  0.045
8.400  -0.020
8.800  -0.012
9.200  0.053
9.600  0.013
10.000  -0.036
10.400  0.029
10.800  0.021
11.200  0.005
11.600  0.029
12.000  0.029
12.400  0.029
12.800  0.013
13.200  0.029
13.600  0.037
14.000  -0.003
14.400  0.037
14.800  0.053
15.200  -0.028
15.600  0.037
16.000  -0.028
16.400  0.013
16.800  0.013
17.200  -0.012
17.600  -0.012
18.000  -0.036
18.400  -0.003
18.800  0.013
19.200  0.029
19.600  0.037
20.000  0.037
20.400  0.005
20.800  -0.012
21.200  0.045
21.600  -0.003
22.000  -0.028
22.400  -0.003
22.800  -0.020
23.200  0.021
23.600  -0.028
24.000  0.037
24.400  -0.003
24.800  -0.020
25.200  0.029
25.600  0.013
26.000  -0.012
26.400  -0.012
26.800  0.005
27.200  -0.003
27.600  -0.003
28.000  0.021
28.400  0.029
28.800  0.037
29.200  0.037
29.600  0.013
30.000  0.053
30.400  -0.012
30.800  0.029
31.200  0.013
31.600  0.045
32.000  -0.012
32.400  0.037
32.800  0.029
33.200  0.029
33.600  0.013
34.000  0.005
34.400  -0.044
34.800  -0.020
35.200  -0.036
35.600  -0.020
36.000  0.029
36.400  0.021
36.800  0.005
37.200  0.005
37.600  0.013
38.000  -0.036
38.400  -0.028
38.800  0.005
39.200  -0.044
39.600  -0.003
40.000  0.045
40.400  0.045
40.800  0.029
41.200  0.005
41.600  0.037
42.000  -0.012
42.400  0.037
42.800  0.005
43.200  -0.012
43.600  -0.044
44.000  0.029
44.400  0.013
44.800  0.029
45.200  -0.028
45.600  0.037
46.000  -0.020
46.400  0.021
46.800  0.005
47.200  -0.003
47.600  0.005
48.000  0.045
48.400  -0.012
48.800  0.037
49.200  -0.020
49.600  0.005
50.000  0.053
50.400  0.045
50.800  -0.012
51.200  0.013
51.600  0.029
52.000  0.045
52.400  -0.044
52.800  -0.028
53.200  -0.020
53.600  0.005
54.000  -0.020
54.400  0.021
54.800  -0.003
55.200  -0.012
55.600  0.045
56.000  -0.020
56.400  -0.003
56.800  -0.012
57.200  -0.003
57.600  0.037
58.000  -0.036
58.400  0.061
58.800  -0.012
59.200  0.021
59.600  0.029
60.000  0.005
60.400  -0.012
60.800  0.005
61.200  -0.003
61.600  0.021
62.000  0.013
62.400  0.021
62.800  -0.003
63.200  0.037
63.600  -0.012
64.000  -0.012
64.400  -0.028
64.800  -0.003
65.200  -0.003
65.600  0.013
66.000  0.005
66.400  0.013
66.800  0.013
67.200  0.005
67.600  0.013
68.000  0.021
68.400  -0.012
68.800  0.029
69.200  -0.036
69.600  -0.020
70.000  -0.003
70.400  -0.020
70.800  -0.012
71.200  -0.012
71.600  0.005
72.000  0.013
72.400  -0.020
72.800  -0.012
73.200  0.029
73.600  -0.012
74.000  0.021
74.400  -0.036
74.800  -0.052
75.200  0.029
75.600  -0.012
76.000  -0.052
76.400  -0.036
76.800  -0.028
77.200  -0.020
77.600  -0.020
78.000  0.029
78.400  -0.052
78.800  -0.012
79.200  0.005
79.600  0.013
80.000  -0.044
80.400  -0.028
80.800  0.029
81.200  -0.036
81.600  0.013
82.000  -0.020
82.400  -0.052
82.800  -0.052
83.200  -0.003
83.600  -0.076
84.000  -0.012
84.400  -0.060
84.800  0.005
85.200  -0.028
85.600  0.005
86.000  -0.044
86.400  -0.012
86.800  -0.028
87.200  -0.036
87.600  -0.068
88.000  0.013
88.400  -0.028
88.800  -0.052
89.200  -0.020
89.600  -0.076
90.000  -0.076
90.400  -0.076
90.800  -0.052
91.200  -0.084
91.600  -0.100
92.000  -0.052
92.400  -0.100
92.800  -0.133
93.200  -0.133
93.600  -0.125
94.000  -0.092
94.400  -0.133
94.800  -0.141
95.200  -0.165
95.600  -0.149
96.000  -0.221
96.400  -0.238
96.800  -0.254
97.200  -0.254
97.600  -0.278
98.000  -0.286
98.400  -0.359
98.800  -0.432
99.200  -0.456
99.600  -0.488
100.000  -0.545
100.400  -0.609
100.800  -0.682
101.200  -0.771
101.600  -0.852
102.000  -0.924
102.400  -0.844
102.800  -0.876
103.200  -0.924
103.600  -0.941
104.000  -0.949
104.400  -1.013
104.800  -1.005
105.200  -0.949
105.600  -0.819
106.000  -0.714
106.400  -0.601
106.800  -0.488
107.200  -0.432
107.600  -0.383
108.000  -0.399
108.400  -0.488
108.800  -0.504
109.200  -0.593
109.600  -0.528
110.000  -0.456
110.400  -0.335
110.800  -0.197
111.200  -0.020
111.600  0.110
112.000  0.287
112.400  0.449
112.800  0.602
113.200  0.707
113.600  0.901
114.000  0.949
114.400  1.046
114.800  1.167
115.200  1.191
115.600  1.248
116.000  1.232
116.400  1.272
116.800  1.216
117.200  1.175
117.600  1.167
118.000  1.095
118.400  0.973
118.800  0.860
119.200  0.828
119.600  0.772
120.000  0.667
120.400  0.610
120.800  0.497
121.200  0.425
121.600  0.392
122.000  0.360
122.400  0.279
122.800  0.255
123.200  0.223
123.600  0.150
124.000  0.198
124.400  0.190
124.800  0.110
125.200  0.150
125.600  0.118
126.000  0.053
126.400  0.069
126.800  0.093
127.200  0.069
127.600  0.077
128.000  0.013
128.400  0.005
128.800  0.005
129.200  -0.012
129.600  0.021
130.000  0.037
130.400  0.053
130.800  0.045
131.200  0.053
131.600  0.013
132.000  0.037
132.400  -0.003
132.800  0.029
133.200  -0.028
133.600  0.029
134.000  -0.020
134.400  -0.044
134.800  0.037
135.200  0.037
135.600  0.013
136.000  0.045
136.400  0.005
136.800  0.021
137.200  -0.003
137.600  -0.003
138.000  0.029
138.400  -0.044
138.800  0.053
139.200  0.005
139.600  0.045
140.000  0.005
140.400  0.029
140.800  0.013
141.200  0.013
141.600  0.029
142.000  0.029
142.400  0.045
142.800  0.037
143.200  -0.003
143.600  -0.036
144.000  0.053
144.400  0.005
144.800  0.013
145.200  0.005
145.600  0.005
146.000  0.029
146.400  0.013
146.800  0.013
147.200  0.005
147.600  0.005
148.000  0.005
148.400  0.013
148.800  -0.036
149.200  0.029
149.600  0.029
150.000  -0.012
150.400  -0.003
150.800  0.029
151.200  -0.020
151.600  -0.020
152.000  -0.044
152.400  -0.044
152.800  -0.028
153.200  0.053
153.600  -0.003
154.000  0.029
154.400  0.013
154.800  0.045
155.200  0.029
155.600  -0.036
156.000  -0.003
156.400  0.013
156.800  0.005
157.200  0.029
157.600  0.045
158.000  -0.036
158.400  -0.036
158.800  -0.020
159.200  0.061
159.600  0.013
160.000  -0.003
160.400  -0.012
160.800  0.013
161.200  0.029
161.600  0.005
162.000  -0.028
162.400  -0.003
162.800  -0.036
163.200  -0.012
163.600  -0.012
164.000  -0.028
164.400  0.029
164.800  0.053
165.200  0.053
165.600  0.037
166.000  -0.012
166.400  -0.012
166.800  -0.003
167.200  -0.003
167.600  0.029
168.000  -0.020
168.400  -0.028
168.800  -0.028
169.200  -0.036
169.600  -0.020
170.000  0.005
170.400  0.037
170.800  -0.052
171.200  0.021
171.600  0.029
172.000  0.021
172.400  0.013
172.800  -0.044
173.200  0.037
173.600  0.061
174.000  0.061
174.400  0.053
174.800  -0.020
175.200  -0.003
175.600  -0.003
176.000  0.029
176.400  0.021
176.800  0.013
177.200  -0.012
177.600  0.005
178.000  -0.036
178.400  -0.003
178.800  -0.003
179.200  0.053
179.600  -0.028
180.000  -0.012
180.400  0.021
180.800  -0.028
181.200  0.013
181.600  0.021
182.000  -0.003
182.400  -0.020
182.800  0.021
183.200  -0.012
183.600  0.029
184.000  -0.052
184.400  -0.036
184.800  0.013
185.200  -0.003
185.600  -0.012
186.000  0.013
186.400  -0.003
186.800  0.005
187.200  0.005
187.600  -0.044
188.000  -0.044
188.400  0.045
188.800  0.021
189.200  0.029
189.600  0.029
190.000  0.029
190.400  0.029
190.800  -0.003
191.200  0.005
191.600  -0.028
192.000  -0.012
192.400  -0.003
192.800  0.021
193.200  0.029
193.600  0.053
194.000  -0.012
194.400  0.045
194.800  0.045
195.200  -0.003
195.600  0.005
196.000  0.013
196.400  0.005
196.800  0.005
197.200  -0.003
197.600  0.029
198.000  -0.028
198.400  0.045
198.800  -0.052
199.200  -0.003
199.600  -0.044

