0.000  -0.052
0.400  0.005
0.800  -0.020
1.200  -0.003
1.600  0.013
2.000  0.045
2.400  0.029
2.800  -0.012
3.200  -0.020
3.600  -0.003
4.000  0.045
4.400  0.045
4.800  0.053
5.200  0.005
5.600  -0.003
6.000  -0.003
6.400  -0.003
6.800  0.037
7.200  0.005
7.600  0.029
8.000  0.013
8.400  0.029
8.800  0.005
9.200  -0.020
9.600  -0.020
10.000  0.029
10.400  0.053
10.800  0.029
11.200  0.005
11.600  -0.020
12.000  0.005
12.400  -0.020
12.800  0.029
13.200  0.005
13.600  -0.020
14.000  -0.044
14.400  -0.012
14.800  -0.012
15.200  0.045
15.600  -0.003
16.000  0.005
16.400  0.005
16.800  0.005
17.200  -0.012
17.600  0.013
18.000  0.005
18.400  -0.012
18.800  0.045
19.200  0.037
19.600  0.045
20.000  -0.012
20.400  -0.012
20.800  -0.003
21.200  0.013
21.600  0.037
22.000  0.013
22.400  -0.012
22.800  -0.012
23.200  0.045
23.600  -0.020
24.000  0.037
24.400  -0.028
24.800  -0.044
25.200  -0.036
25.600  0.021
26.000  0.005
26.400  -0.020
26.800  -0.020
27.200  0.005
27.600  0.021
28.000  0.013
28.400  -0.012
28.800  0.021
29.200  -0.028
29.600  0.005
30.000  0.021
30.400  0.029
30.800  0.005
31.200  0.029
31.600  -0.003
32.000  -0.020
32.400  0.021
32.800  0.005
33.200  -0.003
33.600  0.005
34.000  0.053
34.400  0.053
34.800  -0.020
35.200  0.037
35.600  -0.003
36.000  0.005
36.400  -0.003
36.800  -0.020
37.200  0.013
37.600  -0.012
38.000  0.013
38.400  0.005
38.800  0.037
39.200  -0.028
39.600  -0.036
40.000  -0.052
40.400  0.037
40.800  -0.020
41.200  0.045
41.600  -0.003
42.000  0.021
42.400  0.029
42.800  0.021
43.200  0.021
43.600  -0.003
44.000  0.037
44.400  -0.020
44.800  0.045
45.200  -0.036
45.600  -0.036
46.000  0.005
46.400  -0.012
46.800  0.005
47.200  0.037
47.600  -0.020
48.000  0.021
48.400  0.013
48.800  -0.020
49.200  0.013
49.600  0.021
50.000  -0.003
50.400  0.021
50.800  -0.028
51.200  0.013
51.600  0.005
52.000  -0.012
52.400  -0.012
52.800  -0.012
53.200  0.005
53.600  -0.012
54.000  0.037
54.400  0.029
54.800  0.053
55.200  -0.012
55.600  0.021
56.000  0.005
56.400  0.005
56.800  -0.012
57.200  0.005
57.600  -0.020
58.000  0.037
58.400  -0.020
58.800  -0.020
59.200  0.029
59.600  -0.012
60.000  -0.036
60.400  -0.036
60.800  -0.003
61.200  0.013
61.600  -0.012
62.000  0.037
62.400  -0.012
62.800  0.005
63.200  -0.003
63.600  0.005
64.000  -0.003
64.400  0.037
64.800  0.005
65.200  0.045
65.600  -0.012
66.000  0.013
66.400  0.013
66.800  0.029
67.200  0.013
67.600  -0.003
68.000  0.029
68.400  -0.012
68.800  0.045
69.200  0.053
69.600  0.021
70.000  -0.060
70.400  0.021
70.800  -0.003
71.200  0.013
71.600  -0.020
72.000  -0.012
72.400  -0.003
72.800  0.029
73.200  -0.003
73.600  0.021
74.000  -0.012
74.400  -0.012
74.800  0.029
75.200  0.037
75.600  -0.003
76.000  0.005
76.400  0.013
76.800  -0.020
77.200  0.045
77.600  -0.012
78.000  -0.012
78.400  -0.003
78.800  0.013
79.200  -0.012
79.600  0.005
80.000  0.013
80.400  -0.036
80.800  -0.044
81.200  0.005
81.600  0.021
82.000  -0.020
82.400  0.029
82.800  0.005
83.200  0.021
83.600  0.037
84.000  -0.028
84.400  0.021
84.800  -0.012
85.200  0.029
85.600  -0.012
86.000  0.005
86.400  0.005
86.800  0.029
87.200  0.029
87.600  -0.020
88.000  0.005
88.400  0.045
88.800  -0.012
89.200  -0.028
89.600  0.021
90.000  -0.028
90.400  -0.012
90.800  0.005
91.200  -0.003
91.600  -0.003
92.000  0.021
92.400  0.029
92.800  0.013
93.200  -0.012
93.600  0.053
94.000  -0.003
94.400  -0.036
94.800  0.045
95.200  0.061
95.600  0.037
96.000  0.021
96.400  0.021
96.800  0.013
97.200  0.005
97.600  -0.012
98.000  -0.003
98.400  0.029
98.800  0.021
99.200  -0.036
99.600  0.053
100.000  0.045
100.400  0.013
100.800  -0.020
101.200  0.045
101.600  0.053
102.000  0.053
102.400  0.021
102.800  0.021
103.200  0.061
103.600  0.053
104.000  0.045
104.400  0.021
104.800  -0.003
105.200  0.093
105.600  0.045
106.000  0.045
106.400  0.069
106.800  0.053
107.200  0.045
107.600  0.061
108.000  0.053
108.400  0.077
108.800  0.093
109.200  0.053
109.600  0.021
110.000  0.085
110.400  0.158
110.800  0.085
111.200  0.118
111.600  0.150
112.000  0.118
112.400  0.134
112.800  0.158
113.200  0.158
113.600  0.190
114.000  0.215
114.400  0.182
114.800  0.263
115.200  0.223
115.600  0.263
116.000  0.287
116.400  0.320
116.800  0.376
117.200  0.368
117.600  0.425
118.000  0.497
118.400  0.489
118.800  0.578
119.200  0.610
119.600  0.739
120.000  0.756
120.400  0.893
120.800  0.917
121.200  1.046
121.600  1.159
122.000  1.264
122.400  1.466
122.800  1.546
123.200  1.780
123.600  1.901
124.000  2.047
124.400  2.232
124.800  2.401
125.200  2.587
125.600  2.788
126.000  2.877
126.400  2.958
126.800  3.030
127.200  2.974
127.600  2.893
128.000  2.813
128.400  2.668
128.800  2.385
129.200  2.135
129.600  1.724
130.000  1.393
130.400  0.909
130.800  0.392
131.200  -0.076
131.600  -0.585
132.000  -1.094
132.400  -1.522
132.800  -2.008
133.200  -2.339
133.600  -2.679
134.000  -2.938
134.400  -3.189
134.800  -3.205
135.200  -3.302
135.600  -3.261
136.000  -3.148
136.400  -3.002
136.800  -2.841
137.200  -2.614
137.600  -2.436
138.000  -2.218
138.400  -2.016
138.800  -1.838
139.200  -1.611
139.600  -1.522
140.000  -1.256
140.400  -1.207
140.800  -1.094
141.200  -0.932
141.600  -0.844
142.000  -0.747
142.400  -0.658
142.800  -0.569
143.200  -0.545
143.600  -0.488
144.000  -0.391
144.400  -0.391
144.800  -0.391
145.200  -0.335
145.600  -0.238
146.000  -0.262
146.400  -0.221
146.800  -0.221
147.200  -0.165
147.600  -0.189
148.000  -0.165
148.400  -0.149
148.800  -0.125
149.200  -0.141
149.600  -0.084
150.000  -0.125
150.400  -0.125
150.800  -0.116
151.200  -0.044
151.600  -0.100
152.000  -0.036
152.400  -0.092
152.800  -0.036
153.200  -0.028
153.600  -0.052
154.000  -0.052
154.400  0.005
154.800  -0.060
155.200  -0.036
155.600  -0.028
156.000  -0.028
156.400  -0.028
156.800  -0.012
157.200  -0.076
157.600  -0.028
158.000  -0.003
158.400  -0.044
158.800  0.005
159.200  0.013
159.600  0.029
160.000  -0.036
160.400  -0.044
160.800  0.021
161.200  -0.020
161.600  -0.028
162.000  -0.012
162.400  -0.028
162.800  -0.036
163.200  -0.012
163.600  -0.012
164.000  0.045
164.400  -0.028
164.800  -0.044
165.200  -0.003
165.600  -0.044
166.000  -0.020
166.400  0.005
166.800  -0.020
167.200  -0.028
167.600  -0.003
168.000  0.021
168.400  -0.003
168.800  -0.028
169.200  -0.068
169.600  0.029
170.000  -0.036
170.400  0.029
170.800  -0.036
171.200  0.021
171.600  0.013
172.000  0.005
172.400  0.021
172.800  -0.012
173.200  0.021
173.600  -0.020
174.000  0.013
174.400  0.037
174.800  -0.012
175.200  -0.028
175.600  0.029
176.000  -0.003
176.400  -0.003
176.800  0.005
177.200  0.005
177.600  -0.003
178.000  -0.012
178.400  0.021
178.800  0.005
179.200  0.037
179.600  0.045
180.000  0.037
180.400  0.037
180.800  -0.044
181.200  -0.012
181.600  0.029
182.000  -0.012
182.400  -0.003
182.800  0.029
183.200  0.005
183.600  -0.012
184.000  -0.012
184.400  -0.003
184.800  0.005
185.200  -0.003
185.600  -0.028
186.000  -0.012
186.400  0.013
186.800  -0.028
187.200  0.045
187.600  -0.028
188.000  0.029
188.400  -0.020
188.800  -0.012
189.200  0.045
189.600  0.013
190.000  -0.012
190.400  0.021
190.800  -0.012
191.200  0.021
191.600  0.021
192.000  0.029
192.400  -0.012
192.800  -0.012
193.200  -0.012
193.600  0.021
194.000  0.013
194.400  -0.036
194.800  -0.020
195.200  0.037
195.600  -0.020
196.000  0.013
196.400  0.005
196.800  0.005
197.200  -0.012
197.600  -0.003
198.000  0.013
198.400  -0.012
198.800  0.045
199.200  0.053
199.600  -0.060

